samdat<-c(1,2,3,4,5,6,7,8,4,3,1,3,4,6,7,8,6,4,3,2,12,15,17,2,9,0,0,8,7,6,5,9,9,19,17,16)
